3865
0 0 1 5
0 6 1 11
0 12 1 17
0 18 1 23
0 24 1 29
0 30 1 35
0 36 0 47
1 36 1 47
0 48 1 53
0 54 1 59
0 60 0 71
1 60 1 71
0 72 1 77
0 78 1 83
0 84 1 89
0 90 1 95
0 96 0 107
1 96 1 107
0 108 1 113
0 114 1 119
0 120 1 125
0 126 1 131
0 132 0 143
1 132 1 143
0 144 1 149
0 150 1 155
0 156 1 161
0 162 1 167
0 168 1 173
0 174 1 179
0 180 1 185
0 186 1 191
0 192 0 203
0 204 1 209
0 210 1 215
0 216 1 221
0 222 1 227
0 228 1 233
0 234 1 239
0 240 1 245
2 0 3 5
2 12 3 17
2 18 3 23
2 24 3 29
2 30 3 35
2 36 3 41
2 42 3 47
2 48 3 53
2 54 3 59
2 60 3 65
2 66 3 71
2 72 3 77
2 78 3 83
2 84 3 89
2 90 3 95
2 96 3 101
2 102 3 107
2 108 3 113
2 114 3 119
2 120 3 125
2 126 3 131
2 132 2 143
3 132 3 143
2 144 3 149
2 150 3 155
2 156 3 161
2 162 3 167
2 174 3 179
2 180 3 185
2 186 3 191
2 204 3 209
2 210 3 215
2 216 3 221
2 222 3 227
2 228 3 233
2 234 3 239
2 240 3 245
2 246 3 249
4 0 5 5
4 6 5 11
4 12 4 23
5 12 5 23
4 24 5 29
4 30 5 35
4 36 5 41
4 42 5 47
4 48 4 59
5 48 5 59
4 60 4 71
5 60 5 71
4 72 5 77
4 78 5 83
4 84 4 95
5 84 5 95
4 96 5 101
4 108 5 113
4 114 5 119
4 120 5 125
4 126 5 131
4 132 4 143
5 132 5 143
4 144 5 149
4 150 5 155
4 156 5 161
4 162 5 167
4 168 5 173
4 174 5 179
4 180 5 185
4 186 5 191
4 192 5 197
4 198 5 203
4 204 5 209
4 210 5 215
4 216 5 221
4 222 5 227
4 228 4 239
5 228 5 239
4 240 4 249
5 240 5 249
6 0 7 5
6 6 7 11
6 12 6 23
7 12 7 23
6 24 7 29
6 30 7 35
6 36 6 47
7 36 7 47
6 48 7 53
6 54 7 59
6 60 7 65
6 72 7 77
6 78 7 83
6 84 7 89
6 90 7 95
7 96 7 107
6 108 6 119
7 108 7 119
6 120 7 125
6 126 7 131
6 132 6 143
7 132 7 143
6 144 7 149
6 150 7 155
6 156 7 161
6 162 7 167
6 168 7 173
6 174 7 179
6 180 7 185
6 186 7 191
6 192 7 197
6 198 7 203
6 204 7 209
6 210 7 215
6 216 7 221
6 228 7 233
6 234 7 239
6 240 6 249
7 240 7 249
8 6 9 11
8 12 9 17
8 18 9 23
8 24 8 35
9 24 9 35
8 42 9 47
8 48 9 53
8 54 9 59
8 60 9 65
8 66 9 71
8 72 9 77
8 78 9 83
8 84 9 89
8 90 9 95
8 96 9 101
8 102 9 107
8 108 9 113
8 114 9 119
8 120 9 125
8 126 9 131
8 132 9 137
8 138 9 143
8 144 8 155
9 144 9 155
8 156 9 161
8 162 9 167
8 168 9 173
8 174 9 179
8 180 9 185
8 186 9 191
8 192 9 197
8 198 9 203
8 204 9 209
8 210 9 215
8 216 9 221
8 228 9 233
8 234 9 239
8 240 9 245
10 0 11 5
10 6 11 11
10 12 11 17
10 18 11 23
10 24 11 29
10 30 11 35
10 36 11 41
10 42 11 47
10 48 11 53
10 54 11 59
10 60 11 65
10 66 11 71
10 72 11 77
10 78 11 83
10 84 11 89
10 90 11 95
10 96 10 107
11 96 11 107
10 108 11 113
10 114 11 119
10 120 11 125
10 126 11 131
10 132 11 137
10 138 11 143
10 144 11 149
10 150 11 155
10 162 11 167
10 168 11 173
10 174 11 179
10 180 11 185
10 186 11 191
10 192 11 197
10 198 11 203
10 204 10 215
11 204 11 215
10 216 11 221
10 222 11 227
10 228 10 239
11 228 11 239
10 240 10 249
11 240 11 249
12 0 13 5
12 6 13 11
12 12 12 23
13 12 13 23
12 24 13 29
12 30 13 35
12 36 13 41
12 42 13 47
12 48 13 53
12 54 13 59
12 60 13 65
12 66 13 71
12 72 13 77
12 78 13 83
12 84 13 89
12 90 13 95
12 96 12 107
13 96 13 107
12 108 13 113
12 114 13 119
12 120 13 125
12 126 13 131
12 132 13 137
12 138 13 143
12 144 13 149
12 150 13 155
12 156 13 161
12 162 13 167
12 168 13 173
12 174 13 179
12 180 13 185
12 186 13 191
12 192 13 197
12 198 13 203
12 204 13 209
12 210 13 215
12 216 12 227
13 216 13 227
12 228 13 233
12 234 13 239
12 240 13 245
14 0 15 5
14 6 15 11
14 12 14 23
15 12 15 23
14 24 15 29
14 30 15 35
14 36 15 41
14 42 15 47
14 48 15 53
14 54 15 59
14 60 15 65
14 66 15 71
14 72 15 77
14 78 15 83
14 84 14 95
15 84 15 95
14 96 15 101
14 102 15 107
14 108 15 113
14 114 15 119
14 120 15 125
14 126 15 131
14 132 15 137
14 144 14 155
15 144 15 155
14 156 15 161
14 168 15 173
14 174 15 179
14 180 15 185
14 186 15 191
14 192 15 197
14 204 15 209
14 210 15 215
14 216 15 221
14 228 15 233
14 234 15 239
14 240 15 245
16 0 17 5
16 6 17 11
16 12 17 17
16 18 17 23
16 24 17 29
16 30 17 35
16 36 16 47
17 36 17 47
16 48 17 53
16 54 17 59
16 60 16 71
17 60 17 71
16 72 17 77
16 78 17 83
16 90 17 95
16 96 16 107
17 96 17 107
16 114 17 119
16 120 16 131
17 120 17 131
16 132 16 143
17 132 17 143
16 144 17 149
16 150 17 155
16 156 17 161
16 162 17 167
16 168 17 173
16 174 17 179
16 180 17 185
16 186 17 191
16 192 17 197
16 198 17 203
16 204 17 209
16 210 17 215
16 216 17 221
16 222 17 227
16 234 17 239
16 240 17 245
16 246 17 249
18 0 19 5
18 6 19 11
18 12 19 17
18 18 19 23
18 24 19 29
18 30 19 35
18 36 19 41
18 42 19 47
18 48 19 53
18 54 19 59
18 60 19 65
18 66 19 71
18 72 19 77
18 78 19 83
18 84 19 89
18 90 19 95
18 96 19 101
18 102 19 107
18 108 19 113
18 114 19 119
18 126 19 131
18 132 19 137
18 138 19 143
18 144 19 149
18 150 19 155
18 156 18 167
19 156 19 167
18 168 19 173
18 174 19 179
18 180 19 185
18 186 19 191
18 192 19 197
18 198 19 203
18 204 19 209
18 210 19 215
18 216 19 221
18 222 19 227
18 228 18 239
19 228 19 239
18 240 19 245
18 246 19 249
20 0 21 5
20 6 21 11
20 12 21 17
20 18 21 23
20 24 20 35
21 24 21 35
20 36 21 41
20 42 21 47
20 48 21 53
20 54 21 59
20 60 21 65
20 66 21 71
20 72 20 83
21 72 21 83
20 84 21 89
20 90 21 95
20 96 21 101
20 102 21 107
20 108 20 119
21 108 21 119
20 120 21 125
20 126 21 131
20 138 21 143
21 144 21 155
20 156 21 161
20 162 21 167
20 168 20 179
21 168 21 179
20 180 21 185
20 186 21 191
20 198 21 203
20 204 21 209
20 210 21 215
20 216 20 227
21 216 21 227
20 228 21 233
20 234 21 239
20 240 21 245
22 0 23 5
22 6 23 11
22 12 23 17
22 18 23 23
22 24 23 29
22 30 23 35
22 36 23 41
22 42 23 47
22 48 22 59
23 48 23 59
22 60 23 65
22 66 23 71
22 72 23 77
22 78 23 83
22 84 23 89
22 90 23 95
22 96 23 101
22 102 23 107
22 108 23 113
22 120 23 125
22 126 23 131
22 132 23 137
22 138 23 143
22 144 23 149
22 150 23 155
22 156 23 161
22 162 23 167
22 168 23 173
22 174 23 179
22 180 23 185
22 186 23 191
22 192 23 197
22 198 23 203
22 204 23 209
22 210 23 215
22 216 23 221
22 222 23 227
22 228 23 233
22 234 23 239
22 240 22 249
23 240 23 249
24 0 25 5
24 6 25 11
24 12 24 23
25 12 25 23
24 24 25 29
24 30 25 35
24 36 25 41
24 42 25 47
24 48 25 53
24 54 25 59
24 60 24 71
25 60 25 71
24 72 25 77
24 78 25 83
24 84 25 89
24 90 25 95
24 96 25 101
24 102 25 107
24 108 25 113
24 114 25 119
24 120 25 125
24 126 25 131
24 132 25 137
24 138 25 143
24 144 25 149
24 150 25 155
24 156 24 167
25 156 25 167
24 168 25 173
24 180 25 185
24 186 25 191
24 198 25 203
24 204 25 209
24 210 25 215
24 222 25 227
24 228 25 233
24 234 25 239
24 240 25 245
26 0 27 5
26 6 27 11
26 12 27 17
26 18 27 23
26 24 27 29
26 36 26 47
27 36 27 47
26 54 27 59
26 60 27 65
26 66 27 71
26 78 27 83
26 84 27 89
26 90 27 95
26 96 27 101
26 114 27 119
26 120 27 125
26 126 27 131
26 132 27 137
26 138 27 143
26 144 27 149
26 150 27 155
26 156 27 161
26 162 27 167
26 168 26 179
27 168 27 179
26 186 27 191
26 192 27 197
26 198 27 203
26 204 27 209
26 210 27 215
26 216 27 221
26 222 27 227
26 228 27 233
26 234 27 239
28 0 29 5
28 6 29 11
28 12 29 17
28 18 29 23
28 24 29 29
28 30 29 35
28 36 29 41
28 42 29 47
28 48 29 53
28 54 29 59
28 60 29 65
28 66 29 71
28 72 28 83
29 72 29 83
28 84 29 89
28 90 29 95
28 96 29 101
28 102 29 107
28 108 29 113
28 114 29 119
29 120 29 131
28 132 29 137
28 138 29 143
28 144 29 149
28 150 29 155
28 156 28 167
29 156 29 167
28 168 29 173
28 174 29 179
28 186 29 191
28 192 29 197
28 198 29 203
28 204 29 209
28 210 29 215
28 216 29 221
28 222 29 227
28 228 28 239
29 228 29 239
28 240 29 245
30 0 31 5
30 6 31 11
30 12 30 23
31 12 31 23
30 30 30 41
31 30 31 41
30 42 31 47
30 54 31 59
30 60 31 65
30 66 31 71
30 72 31 77
30 78 31 83
30 84 31 89
30 90 31 95
30 96 31 101
30 102 31 107
30 108 31 113
30 114 31 119
30 120 31 125
30 126 31 131
30 132 31 137
30 138 31 143
30 144 31 149
30 150 31 155
30 156 31 161
30 162 31 167
30 168 31 173
30 174 31 179
30 180 31 185
30 186 31 191
30 192 31 197
30 198 31 203
30 204 31 209
30 210 31 215
30 216 31 221
30 222 31 227
30 228 31 233
30 234 30 245
31 234 31 245
32 0 33 5
32 6 33 11
32 12 33 17
32 18 33 23
32 24 33 29
32 36 33 41
32 42 33 47
32 48 33 53
32 54 33 59
32 60 33 65
32 66 33 71
32 72 33 77
32 78 33 83
32 84 33 89
32 90 33 95
32 96 33 101
32 102 33 107
32 108 33 113
32 114 33 119
32 120 33 125
32 126 33 131
32 138 33 143
32 144 33 149
32 150 33 155
32 156 32 167
33 156 33 167
32 168 33 173
32 174 33 179
32 180 33 185
32 186 33 191
32 198 33 203
32 210 33 215
32 216 33 221
32 222 33 227
32 228 33 233
32 234 33 239
32 240 33 245
35 0 35 11
34 12 35 17
34 18 35 23
34 24 35 29
34 30 35 35
34 36 35 41
34 42 35 47
34 48 35 53
34 54 35 59
34 60 34 71
35 60 35 71
34 72 35 77
34 78 35 83
34 84 35 89
34 90 35 95
34 102 35 107
34 108 35 113
34 114 35 119
34 120 35 125
34 126 35 131
34 132 35 137
34 138 35 143
34 144 35 149
34 150 35 155
34 156 35 161
34 162 35 167
34 168 35 173
34 174 35 179
34 186 35 191
34 192 35 197
34 198 35 203
34 204 35 209
34 210 35 215
34 216 35 221
34 222 35 227
34 228 35 233
34 234 35 239
34 240 35 245
34 246 35 249
36 0 36 11
37 0 37 11
36 12 36 23
37 12 37 23
36 24 37 29
36 30 37 35
36 36 36 47
37 36 37 47
36 48 37 53
36 54 37 59
36 60 37 65
36 66 37 71
36 72 36 83
37 72 37 83
36 84 37 89
36 90 37 95
36 96 37 101
36 108 37 113
36 114 37 119
36 120 37 125
36 126 37 131
36 132 37 137
36 138 37 143
36 144 37 149
36 150 37 155
36 156 36 167
37 156 37 167
36 168 37 173
36 174 37 179
36 180 37 185
36 186 37 191
36 192 37 197
36 198 37 203
36 204 37 209
36 210 37 215
36 216 37 221
36 228 37 233
36 234 37 239
36 240 37 245
38 0 39 5
38 6 39 11
38 12 39 17
38 18 39 23
38 24 39 29
38 30 39 35
38 36 39 41
38 42 39 47
38 48 39 53
38 54 39 59
38 60 39 65
38 66 39 71
38 72 39 77
38 78 39 83
38 84 39 89
38 90 39 95
38 96 39 101
38 102 39 107
38 108 39 113
38 120 39 125
38 126 39 131
38 132 39 137
38 138 39 143
38 144 39 149
38 150 39 155
38 156 39 161
38 162 39 167
38 174 39 179
38 180 39 185
38 186 39 191
38 192 39 197
38 198 39 203
38 210 39 215
38 216 39 221
38 222 39 227
38 228 39 233
38 234 39 239
38 240 38 249
39 240 39 249
40 6 41 11
40 12 40 23
41 12 41 23
40 24 40 35
41 24 41 35
40 36 40 47
41 36 41 47
40 48 41 53
40 54 41 59
40 60 41 65
40 66 41 71
40 72 41 77
40 78 41 83
40 84 41 89
40 90 41 95
40 96 41 101
40 102 41 107
40 108 41 113
40 114 41 119
40 120 41 125
40 126 41 131
40 132 41 137
40 138 41 143
40 144 41 149
40 150 41 155
40 156 41 161
40 162 41 167
40 168 41 173
40 174 41 179
40 180 41 185
40 186 41 191
40 192 41 197
40 198 41 203
40 204 40 215
41 204 41 215
40 216 41 221
40 222 41 227
40 228 41 233
40 234 41 239
40 240 41 245
42 0 43 5
42 6 43 11
42 12 43 17
42 18 43 23
42 24 43 29
42 30 43 35
42 36 43 41
42 42 43 47
42 48 43 53
42 54 43 59
42 60 43 65
42 66 43 71
42 72 43 77
42 78 43 83
42 84 42 95
43 84 43 95
42 96 43 101
42 102 43 107
42 108 42 119
43 108 43 119
42 120 43 125
42 126 43 131
42 132 43 137
42 138 43 143
42 144 43 149
42 150 43 155
42 156 43 161
42 162 43 167
42 168 43 173
42 174 43 179
42 180 42 191
43 180 43 191
42 192 43 197
42 198 43 203
42 204 43 209
42 210 43 215
42 216 43 221
42 222 43 227
42 234 43 239
42 240 43 245
44 0 45 5
44 6 45 11
44 12 45 17
44 18 45 23
44 24 45 29
44 30 45 35
44 36 45 41
44 42 45 47
44 48 45 53
44 54 45 59
44 60 45 65
44 66 45 71
44 72 45 77
44 78 45 83
44 84 45 89
44 90 45 95
44 96 45 101
44 102 45 107
44 108 45 113
44 114 45 119
44 120 45 125
44 126 45 131
44 132 44 143
45 132 45 143
44 144 45 149
44 150 45 155
44 156 45 161
44 162 45 167
44 168 45 173
44 174 45 179
44 180 45 185
44 186 45 191
44 192 45 197
44 198 45 203
44 204 45 209
44 210 45 215
44 216 45 221
44 222 45 227
44 228 44 239
45 228 45 239
44 240 45 245
44 246 45 249
46 0 47 5
46 6 47 11
46 12 47 17
46 18 47 23
46 24 46 35
47 24 47 35
46 36 47 41
46 42 47 47
46 48 47 53
46 54 47 59
46 60 47 65
46 66 47 71
46 72 47 77
46 78 47 83
46 84 47 89
46 90 47 95
46 96 47 101
46 108 47 113
46 114 47 119
46 120 47 125
46 126 47 131
46 132 47 137
46 144 47 149
46 150 47 155
46 156 47 161
46 162 47 167
46 168 46 179
47 168 47 179
46 180 47 185
46 186 47 191
46 192 47 197
46 198 47 203
46 204 47 209
46 210 47 215
46 216 47 221
46 222 47 227
46 228 46 239
47 228 47 239
46 240 47 245
46 246 47 249
48 0 49 5
48 12 49 17
48 18 49 23
48 24 49 29
48 30 49 35
48 36 49 41
48 42 49 47
48 48 49 53
48 54 49 59
48 66 48 77
49 66 49 77
48 78 49 83
48 84 49 89
48 90 49 95
48 96 49 101
48 102 49 107
48 108 49 113
48 120 49 125
48 126 49 131
48 132 49 137
48 138 49 143
48 144 49 149
48 150 49 155
48 156 49 161
48 162 49 167
48 168 49 173
48 174 49 179
48 180 49 185
48 186 49 191
48 192 49 197
48 198 49 203
48 204 49 209
48 210 49 215
48 216 49 221
48 222 49 227
48 228 49 233
48 234 49 239
48 240 49 245
50 0 51 5
50 6 51 11
50 12 51 17
50 18 51 23
50 24 51 29
50 30 51 35
50 36 51 41
50 42 51 47
50 48 51 53
50 54 51 59
50 60 51 65
50 66 51 71
50 72 51 77
50 78 51 83
50 84 51 89
50 90 51 95
50 96 51 101
50 102 51 107
50 114 51 119
50 120 51 125
50 126 51 131
50 132 51 137
50 138 51 143
51 144 51 155
50 156 51 161
50 162 51 167
50 168 51 173
50 174 51 179
50 180 51 185
50 186 51 191
50 192 51 197
50 198 51 203
50 204 51 209
50 210 51 215
50 216 51 221
50 222 51 227
50 228 51 233
50 234 51 239
50 246 51 249
52 0 53 5
52 6 53 11
52 12 53 17
52 18 53 23
52 24 53 29
52 30 53 35
52 36 53 41
52 42 53 47
52 54 53 59
52 60 53 65
52 66 53 71
52 72 53 77
52 78 53 83
52 84 52 95
53 84 53 95
52 96 53 101
52 102 53 107
52 108 53 113
52 114 53 119
52 126 53 131
52 132 53 137
52 138 53 143
52 144 53 149
52 150 53 155
52 162 53 167
52 168 53 173
52 174 53 179
52 180 53 185
52 192 53 197
52 198 53 203
52 204 53 209
52 210 53 215
52 216 53 221
52 222 53 227
52 228 53 233
52 234 53 239
52 240 53 245
54 0 55 5
54 6 55 11
54 12 54 23
55 12 55 23
54 24 55 29
54 30 55 35
54 36 55 41
54 42 55 47
54 48 55 53
54 54 55 59
54 66 55 71
54 72 55 77
54 78 55 83
54 84 54 95
55 84 55 95
54 96 55 101
54 102 55 107
54 108 55 113
54 120 55 125
54 126 55 131
54 132 54 143
55 132 55 143
54 144 55 149
54 150 55 155
54 156 55 161
54 162 55 167
54 168 55 173
54 174 55 179
54 180 55 185
54 186 55 191
54 192 55 197
54 198 55 203
54 204 55 209
54 210 55 215
54 216 55 221
54 222 55 227
54 228 55 233
54 240 55 245
56 0 57 5
56 6 57 11
56 12 57 17
56 30 57 35
56 36 57 41
56 42 57 47
56 48 56 59
57 48 57 59
56 60 57 65
56 66 57 71
56 72 57 77
56 78 57 83
56 84 57 89
56 90 57 95
56 96 57 101
56 102 57 107
56 108 57 113
56 114 57 119
56 120 56 131
57 120 57 131
56 132 57 137
56 138 57 143
56 144 57 149
56 150 57 155
56 156 57 161
56 162 57 167
56 168 57 173
56 174 57 179
56 180 57 185
56 186 57 191
56 192 57 197
56 198 57 203
56 204 57 209
56 210 57 215
56 216 57 221
56 222 57 227
56 234 57 239
56 240 57 245
56 246 57 249
58 0 59 5
58 6 59 11
58 12 59 17
58 18 59 23
58 24 59 29
58 30 59 35
58 36 58 47
59 36 59 47
58 48 59 53
58 54 59 59
58 60 59 65
58 66 59 71
58 72 59 77
58 78 59 83
58 84 58 95
59 84 59 95
58 96 59 101
58 102 59 107
58 108 58 119
59 108 59 119
58 120 59 125
58 126 59 131
58 132 59 137
58 144 59 149
58 150 59 155
58 156 59 161
58 162 59 167
58 168 59 173
58 174 59 179
58 180 59 185
58 186 59 191
58 192 59 197
58 198 59 203
58 204 59 209
58 210 59 215
58 216 59 221
58 228 59 233
58 234 59 239
58 240 59 245
60 0 61 5
60 6 61 11
60 12 61 17
60 18 61 23
60 30 61 35
60 36 61 41
60 42 61 47
60 48 61 53
60 54 61 59
60 60 61 65
60 66 61 71
60 72 61 77
60 78 61 83
60 84 61 89
60 90 61 95
60 96 61 101
60 108 61 113
60 120 61 125
60 126 61 131
60 132 61 137
60 138 61 143
60 144 61 149
60 150 61 155
60 156 61 161
60 162 61 167
60 168 61 173
60 174 61 179
60 180 61 185
60 192 61 197
60 198 61 203
60 204 61 209
60 210 61 215
60 216 61 221
60 222 61 227
60 228 61 233
60 240 61 245
62 0 63 5
62 6 63 11
62 12 63 17
62 18 63 23
62 24 62 35
63 24 63 35
62 36 63 41
62 42 63 47
62 48 63 53
62 54 63 59
62 60 63 65
62 66 63 71
62 72 63 77
62 84 62 95
63 84 63 95
62 96 63 101
62 102 63 107
62 108 62 119
63 108 63 119
62 120 63 125
62 126 63 131
62 132 63 137
62 138 63 143
62 144 62 155
63 144 63 155
62 156 63 161
62 162 63 167
62 174 63 179
62 180 63 185
62 186 63 191
62 192 63 197
62 198 63 203
62 204 63 209
62 210 63 215
62 216 63 221
62 222 63 227
62 228 63 233
62 234 63 239
62 240 62 249
63 240 63 249
64 0 65 5
64 6 65 11
64 12 64 23
64 24 65 29
64 36 65 41
64 42 65 47
64 48 65 53
64 54 65 59
64 60 65 65
64 66 65 71
64 72 65 77
64 84 65 89
64 90 65 95
64 96 65 101
64 102 65 107
64 108 65 113
64 114 65 119
64 120 65 125
64 126 65 131
64 132 65 137
64 138 65 143
64 144 65 149
64 150 65 155
64 156 64 167
65 156 65 167
64 174 65 179
64 180 65 185
64 186 65 191
64 192 65 197
64 198 65 203
64 204 65 209
64 210 65 215
64 216 65 221
64 222 65 227
64 228 65 233
64 240 65 245
64 246 65 249
66 0 67 5
66 6 67 11
66 12 66 23
67 12 67 23
66 24 67 29
66 30 67 35
66 36 67 41
66 42 67 47
66 48 67 53
66 54 67 59
66 60 67 65
66 72 66 83
67 72 67 83
66 84 67 89
66 90 67 95
66 96 67 101
66 102 67 107
66 108 67 113
66 114 67 119
66 120 67 125
66 126 67 131
66 132 67 137
66 138 67 143
66 144 67 149
66 150 67 155
66 156 66 167
67 156 67 167
66 168 67 173
66 174 67 179
66 180 67 185
66 186 67 191
66 192 67 197
66 204 67 209
66 210 67 215
66 216 67 221
66 222 67 227
66 228 66 239
67 228 67 239
66 240 66 249
67 240 67 249
68 0 69 5
68 6 69 11
68 12 69 17
68 18 69 23
68 24 69 29
68 30 69 35
68 42 69 47
68 48 69 53
68 54 69 59
68 60 69 65
68 66 69 71
68 72 68 83
69 72 69 83
68 84 68 95
69 84 69 95
68 102 69 107
68 108 69 113
68 120 69 125
68 126 69 131
68 132 69 137
68 138 69 143
68 144 69 149
68 150 69 155
68 156 69 161
68 162 69 167
68 168 69 173
68 174 69 179
68 180 69 185
68 186 69 191
68 192 69 197
68 198 69 203
68 204 69 209
68 210 69 215
68 216 69 221
68 222 69 227
68 228 69 233
68 234 69 239
68 240 69 245
70 0 71 5
70 6 71 11
70 12 70 23
71 12 71 23
70 24 71 29
70 30 71 35
70 36 71 41
70 42 71 47
70 48 71 53
70 54 71 59
70 60 71 65
70 66 71 71
70 72 71 77
70 78 71 83
70 84 71 89
70 90 71 95
70 96 71 101
70 102 71 107
70 108 71 113
70 114 71 119
70 120 71 125
70 126 71 131
70 132 71 137
70 138 71 143
70 144 70 155
71 144 71 155
70 156 71 161
70 162 71 167
70 168 71 173
70 174 71 179
70 180 71 185
70 186 71 191
70 192 71 197
70 198 71 203
70 204 71 209
70 210 71 215
70 222 71 227
70 228 71 233
70 240 71 245
72 0 73 5
72 6 73 11
72 12 73 17
72 18 73 23
72 24 73 29
72 30 73 35
72 36 73 41
72 42 73 47
72 48 73 53
72 54 73 59
72 60 73 65
72 72 73 77
72 78 73 83
72 84 72 95
73 84 73 95
72 96 73 101
72 102 73 107
72 108 73 113
72 114 73 119
72 120 73 125
72 126 73 131
72 132 73 137
72 138 73 143
72 144 73 149
72 162 73 167
72 168 73 173
72 174 73 179
72 180 73 185
72 186 73 191
72 192 73 197
72 198 73 203
72 204 73 209
72 210 73 215
72 216 73 221
72 222 73 227
72 228 73 233
72 234 73 239
72 240 72 249
73 240 73 249
74 0 75 5
74 6 75 11
74 12 75 17
74 18 75 23
74 24 75 29
74 30 75 35
74 36 75 41
74 42 75 47
74 48 75 53
74 54 75 59
74 60 75 65
74 66 75 71
74 72 75 77
74 78 75 83
74 84 75 89
74 96 75 101
74 102 75 107
74 108 74 119
75 108 75 119
74 120 75 125
74 126 75 131
74 132 75 137
74 138 75 143
74 144 75 149
74 150 75 155
74 156 75 161
74 162 75 167
74 168 75 173
74 174 75 179
74 180 74 191
75 180 75 191
74 192 75 197
74 198 75 203
74 204 75 209
74 210 75 215
74 216 75 221
74 222 75 227
74 228 75 233
74 234 75 239
76 0 77 5
76 6 77 11
76 12 77 17
76 18 77 23
76 24 77 29
76 30 77 35
76 36 77 41
76 42 77 47
76 54 77 59
76 60 77 65
76 66 77 71
76 72 77 77
76 78 77 83
76 90 77 95
76 96 77 101
76 108 77 113
76 114 77 119
76 120 76 131
77 120 77 131
76 132 77 137
76 138 77 143
76 150 77 155
76 156 77 161
76 162 77 167
76 168 77 173
76 174 77 179
76 180 77 185
76 186 77 191
76 192 77 197
76 198 77 203
76 204 77 209
76 210 77 215
76 216 77 221
76 222 77 227
76 228 77 233
76 234 77 239
76 240 77 245
78 0 78 11
79 0 79 11
78 12 79 17
78 18 79 23
78 24 79 29
78 30 79 35
78 36 78 47
79 36 79 47
78 48 79 53
78 54 79 59
78 60 79 65
78 66 79 71
78 78 79 83
78 84 79 89
78 90 79 95
78 96 79 101
78 102 79 107
78 108 79 113
78 114 79 119
78 120 79 125
78 126 79 131
78 132 79 137
78 138 79 143
78 144 79 149
78 150 79 155
78 156 79 161
78 162 79 167
78 168 78 179
79 168 79 179
78 180 79 185
78 186 79 191
78 198 79 203
78 204 78 215
79 204 79 215
78 216 79 221
78 222 79 227
78 228 78 239
79 228 79 239
78 240 78 249
79 240 79 249
80 0 81 5
80 6 81 11
80 12 80 23
81 12 81 23
80 24 81 29
80 30 81 35
80 36 81 41
80 42 81 47
80 48 81 53
80 54 81 59
80 60 81 65
80 66 81 71
80 72 81 77
80 78 81 83
80 84 81 89
80 90 81 95
80 96 81 101
80 102 81 107
80 108 81 113
80 114 81 119
80 120 81 125
80 126 81 131
80 132 81 137
80 138 81 143
80 144 81 149
80 150 81 155
80 156 81 161
80 168 81 173
80 174 81 179
80 180 81 185
80 186 81 191
80 192 80 203
81 192 81 203
80 204 81 209
80 210 81 215
80 222 81 227
80 228 81 233
80 240 80 249
81 240 81 249
82 0 82 11
83 0 83 11
82 12 83 17
82 18 83 23
82 24 83 29
82 30 83 35
82 36 82 47
83 36 83 47
82 48 83 53
82 54 83 59
82 60 83 65
82 66 83 71
82 72 83 77
82 78 83 83
82 84 83 89
82 90 83 95
82 96 83 101
82 102 83 107
82 108 83 113
82 114 83 119
82 120 83 125
82 126 83 131
82 132 83 137
82 138 83 143
82 144 83 149
82 150 83 155
82 156 83 161
82 168 83 173
82 174 83 179
82 180 83 185
82 186 83 191
82 192 83 197
82 198 83 203
82 204 83 209
82 210 83 215
82 216 83 221
82 222 83 227
82 228 83 233
82 234 83 239
82 240 83 245
84 0 85 5
84 6 85 11
84 12 85 17
84 18 85 23
84 24 85 29
84 30 85 35
84 36 84 47
85 36 85 47
84 48 84 59
85 48 85 59
84 60 85 65
84 66 85 71
84 72 85 77
84 78 85 83
84 84 85 89
84 90 85 95
84 96 85 101
84 102 85 107
84 108 85 113
84 126 85 131
84 132 84 143
85 132 85 143
84 144 85 149
84 150 85 155
84 156 84 167
85 156 85 167
84 168 85 173
84 174 85 179
84 180 85 185
84 186 85 191
84 192 85 197
84 204 85 209
84 210 85 215
84 216 84 227
85 216 85 227
84 228 85 233
84 234 85 239
84 240 85 245
84 246 85 249
86 0 87 5
86 6 87 11
86 18 87 23
86 24 87 29
86 30 87 35
86 36 87 41
86 42 87 47
86 48 87 53
86 54 87 59
86 60 87 65
86 66 87 71
86 72 87 77
86 78 87 83
86 84 87 89
86 90 87 95
86 96 87 101
86 102 87 107
86 108 87 113
86 114 87 119
86 120 87 125
86 126 87 131
86 132 87 137
86 138 87 143
86 144 87 149
86 150 87 155
86 162 87 167
86 168 87 173
86 174 87 179
86 180 87 185
86 186 87 191
86 192 87 197
86 198 87 203
86 204 87 209
86 210 87 215
86 216 87 221
86 222 87 227
86 228 87 233
86 234 87 239
86 240 86 249
87 240 87 249
88 0 88 11
89 0 89 11
88 12 89 17
88 18 89 23
88 30 89 35
88 36 88 47
89 36 89 47
88 48 89 53
88 54 89 59
88 60 88 71
89 60 89 71
88 72 89 77
88 78 89 83
88 84 88 95
89 84 89 95
88 96 89 101
88 102 89 107
88 108 88 119
89 108 89 119
88 120 89 125
88 126 89 131
88 132 89 137
88 138 89 143
88 144 89 149
88 150 89 155
88 156 89 161
88 162 89 167
88 168 89 173
88 174 89 179
88 180 89 185
88 186 89 191
88 192 88 203
89 192 89 203
88 204 89 209
88 210 89 215
88 216 88 227
89 216 89 227
88 228 89 233
88 234 89 239
88 240 89 245
88 246 89 249
90 0 91 5
90 6 91 11
90 18 91 23
90 24 91 29
90 30 91 35
90 36 90 47
91 36 91 47
90 48 90 59
91 48 91 59
90 60 91 65
90 66 91 71
90 72 91 77
90 78 91 83
90 90 91 95
90 96 91 101
90 102 91 107
90 108 91 113
90 114 91 119
90 120 91 125
90 126 91 131
90 132 91 137
90 138 91 143
90 144 91 149
90 150 91 155
90 156 91 161
90 162 91 167
90 168 91 173
90 174 91 179
90 180 90 191
91 180 91 191
90 192 90 203
91 192 91 203
90 204 91 209
90 210 91 215
90 216 91 221
90 228 91 233
90 234 91 239
90 240 91 245
90 246 91 249
92 0 93 5
92 6 93 11
92 12 93 17
92 18 93 23
92 24 93 29
92 30 93 35
92 36 93 41
92 42 93 47
92 48 93 53
92 54 93 59
92 60 93 65
92 66 93 71
92 72 93 77
92 78 93 83
92 84 93 89
92 90 93 95
92 96 93 101
92 102 93 107
92 108 93 113
92 114 93 119
92 120 93 125
92 126 93 131
92 132 93 137
92 138 93 143
92 144 92 155
93 144 93 155
92 156 93 161
92 162 93 167
92 168 93 173
92 174 93 179
92 180 93 185
92 192 93 197
92 198 93 203
92 204 93 209
92 210 93 215
92 216 93 221
92 222 93 227
92 234 93 239
92 240 93 245
94 0 95 5
94 6 95 11
94 12 95 17
94 18 95 23
94 24 95 29
94 30 95 35
94 36 95 41
94 42 95 47
94 48 95 53
94 54 95 59
94 60 95 65
94 66 95 71
94 72 95 77
94 78 95 83
94 84 95 89
94 90 95 95
94 96 95 101
94 102 95 107
94 108 95 113
94 114 95 119
94 120 95 125
94 126 95 131
94 132 95 137
94 138 95 143
94 144 95 149
94 150 95 155
94 156 95 161
94 162 95 167
94 168 95 173
94 174 95 179
94 180 95 185
94 192 95 197
94 198 95 203
94 204 95 209
94 210 95 215
94 222 95 227
94 228 95 233
94 234 95 239
94 240 94 249
95 240 95 249
96 0 96 11
96 12 96 23
97 12 97 23
96 24 97 29
96 30 97 35
96 42 97 47
96 48 97 53
96 54 97 59
96 60 97 65
96 72 97 77
96 78 97 83
96 84 97 89
96 90 97 95
96 96 97 101
96 102 97 107
96 108 97 113
96 114 97 119
96 120 97 125
96 126 97 131
96 132 97 137
96 138 97 143
96 144 97 149
96 150 97 155
96 156 97 161
96 162 97 167
96 168 97 173
96 174 97 179
96 180 97 185
96 186 97 191
96 192 97 197
96 204 96 215
97 204 97 215
96 216 97 221
96 222 97 227
96 228 97 233
96 234 97 239
96 240 97 245
96 246 97 249
98 0 98 11
99 0 99 11
98 12 98 23
99 12 99 23
98 24 98 35
99 24 99 35
98 36 99 41
98 42 99 47
98 48 99 53
98 54 99 59
98 60 99 65
98 66 99 71
98 72 99 77
98 78 99 83
98 84 99 89
98 90 99 95
98 96 99 101
98 102 99 107
98 108 99 113
98 120 98 131
99 120 99 131
98 132 99 137
98 138 99 143
98 144 99 149
98 150 99 155
98 156 99 161
98 162 99 167
98 168 99 173
98 174 99 179
98 180 99 185
98 186 99 191
98 198 99 203
98 204 99 209
98 210 99 215
98 216 98 227
99 216 99 227
98 228 99 233
98 234 99 239
98 240 98 249
99 240 99 249
100 0 101 5
100 6 101 11
100 12 101 17
100 18 101 23
100 24 100 35
101 24 101 35
100 36 101 41
100 42 101 47
100 48 101 53
100 54 101 59
100 60 101 65
100 66 101 71
100 72 101 77
100 78 101 83
100 84 101 89
100 90 101 95
100 96 101 101
100 102 101 107
100 108 100 119
101 108 101 119
100 120 101 125
100 126 101 131
100 132 101 137
100 138 101 143
100 144 101 149
100 156 101 161
100 162 101 167
100 168 101 173
100 174 101 179
100 186 101 191
100 192 101 197
100 198 101 203
100 210 101 215
100 216 101 221
100 228 101 233
100 234 101 239
100 240 100 249
101 240 101 249
102 0 103 5
102 6 103 11
102 12 103 17
102 18 103 23
102 30 103 35
102 36 103 41
102 42 103 47
102 48 103 53
102 54 103 59
102 60 103 65
102 72 103 77
102 78 103 83
102 84 102 95
103 84 103 95
102 96 103 101
102 114 103 119
102 120 103 125
102 132 102 143
103 132 103 143
102 144 103 149
102 150 103 155
102 156 102 167
103 156 103 167
102 168 102 179
103 168 103 179
102 180 103 185
102 186 103 191
102 192 103 197
102 198 103 203
102 204 103 209
102 210 103 215
102 216 103 221
102 222 103 227
102 228 103 233
102 234 103 239
102 240 102 249
103 240 103 249
104 6 105 11
104 12 105 17
104 18 105 23
104 24 105 29
104 30 105 35
104 36 105 41
104 42 105 47
104 48 105 53
104 54 105 59
104 66 105 71
104 72 105 77
104 78 105 83
104 84 105 89
104 90 105 95
104 96 105 101
104 102 105 107
104 108 105 113
104 120 105 125
104 126 105 131
104 132 105 137
104 138 105 143
104 144 104 155
105 144 105 155
104 156 105 161
104 162 105 167
105 168 105 179
104 180 105 185
104 186 105 191
104 192 105 197
104 198 105 203
104 210 105 215
104 216 105 221
104 222 105 227
104 228 104 239
105 228 105 239
104 240 105 245
104 246 105 249
106 0 106 11
107 0 107 11
106 12 106 23
107 12 107 23
106 24 107 29
106 30 107 35
106 36 106 47
107 36 107 47
106 48 107 53
106 54 107 59
106 66 107 71
106 72 107 77
106 78 107 83
106 84 107 89
106 90 107 95
106 96 107 101
106 102 107 107
106 108 107 113
106 114 107 119
106 120 107 125
106 126 107 131
106 132 107 137
106 138 107 143
106 144 107 149
106 150 107 155
106 162 107 167
106 174 107 179
106 180 107 185
106 186 107 191
106 192 106 203
107 192 107 203
106 210 107 215
106 216 106 227
107 216 107 227
106 228 107 233
106 234 107 239
106 240 106 249
107 240 107 249
108 0 109 5
108 6 109 11
108 12 109 17
108 18 109 23
108 24 109 29
108 36 109 41
108 42 109 47
108 48 109 53
108 54 109 59
108 60 108 71
109 60 109 71
108 72 109 77
108 78 109 83
108 84 109 89
108 90 109 95
108 96 109 101
108 102 109 107
108 108 108 119
109 108 109 119
108 120 109 125
108 126 109 131
108 138 109 143
108 144 109 149
108 150 109 155
108 156 109 161
108 162 109 167
108 168 109 173
108 174 109 179
108 180 109 185
108 186 109 191
108 192 109 197
108 198 109 203
108 204 109 209
108 216 109 221
108 222 109 227
108 228 109 233
108 234 109 239
108 240 109 245
110 0 111 5
110 6 111 11
110 12 111 17
110 18 111 23
110 24 111 29
110 30 111 35
110 36 110 47
111 36 111 47
110 48 111 53
110 54 111 59
110 60 111 65
110 66 111 71
110 72 111 77
110 78 111 83
110 84 111 89
110 96 111 101
110 102 111 107
110 108 111 113
110 114 111 119
110 120 111 125
110 126 111 131
110 132 111 137
110 138 111 143
110 150 111 155
110 156 111 161
110 162 111 167
110 168 111 173
110 180 111 185
110 186 111 191
110 192 111 197
110 198 111 203
110 204 111 209
110 210 111 215
110 216 111 221
110 222 111 227
110 228 111 233
110 240 110 249
111 240 111 249
112 0 113 5
112 6 113 11
112 12 113 17
112 18 113 23
112 24 113 29
112 30 113 35
112 42 113 47
112 48 112 59
113 48 113 59
112 60 113 65
112 66 113 71
112 72 113 77
112 78 113 83
112 84 113 89
112 90 113 95
112 96 113 101
112 102 113 107
112 108 113 113
112 114 113 119
112 120 113 125
112 126 113 131
112 132 113 137
112 138 113 143
112 144 113 149
112 150 113 155
112 156 113 161
112 162 113 167
112 168 113 173
112 174 113 179
112 180 113 185
112 186 113 191
112 198 113 203
112 204 113 209
112 210 113 215
112 216 113 221
112 222 113 227
112 228 113 233
112 234 113 239
112 240 113 245
114 0 115 5
114 6 115 11
114 12 115 17
114 18 115 23
114 24 115 29
114 30 115 35
114 36 115 41
114 42 115 47
114 48 115 53
114 54 115 59
114 60 115 65
114 66 115 71
114 72 115 77
114 78 115 83
114 84 115 89
114 90 115 95
114 96 115 101
114 102 115 107
114 108 115 113
114 114 115 119
114 120 115 125
114 126 115 131
114 132 115 137
114 138 115 143
114 144 115 149
114 150 115 155
114 156 115 161
114 162 115 167
114 168 114 179
115 168 115 179
114 180 115 185
114 186 115 191
114 192 115 197
114 198 115 203
114 204 115 209
114 210 115 215
114 216 115 221
114 222 115 227
114 228 115 233
114 240 115 245
116 0 117 5
116 12 117 17
116 18 117 23
116 24 117 29
116 30 117 35
116 36 117 41
116 42 117 47
116 48 117 53
116 54 117 59
116 60 117 65
116 66 117 71
116 72 117 77
116 78 117 83
116 84 117 89
116 90 117 95
116 96 117 101
116 102 117 107
116 108 117 113
116 114 117 119
116 120 117 125
116 126 117 131
116 132 117 137
116 138 117 143
116 144 117 149
116 150 117 155
116 156 116 167
117 156 117 167
116 168 117 173
116 180 117 185
116 186 117 191
116 192 116 203
117 192 117 203
116 204 117 209
116 210 117 215
116 216 116 227
117 216 117 227
116 228 117 233
116 234 117 239
116 246 117 249
118 0 119 5
118 6 119 11
118 12 119 17
118 18 119 23
118 24 119 29
118 30 119 35
118 36 119 41
118 42 119 47
118 48 118 59
119 48 119 59
118 60 118 71
119 60 119 71
118 72 119 77
118 78 119 83
118 84 119 89
118 90 119 95
118 96 119 101
118 102 119 107
118 108 119 113
118 114 119 119
118 120 119 125
118 126 119 131
118 132 119 137
118 138 119 143
118 144 119 149
118 150 119 155
118 162 119 167
118 174 119 179
118 180 118 191
119 180 119 191
118 192 118 203
119 192 119 203
118 204 119 209
118 210 119 215
118 216 119 221
118 222 119 227
118 228 119 233
118 240 118 249
119 240 119 249
120 0 121 5
120 6 121 11
120 12 121 17
120 18 121 23
120 30 121 35
120 36 121 41
120 42 121 47
120 54 121 59
120 60 121 65
120 66 121 71
120 72 121 77
120 78 121 83
120 84 121 89
120 90 121 95
120 96 121 101
120 102 121 107
120 108 121 113
120 120 120 131
121 120 121 131
120 132 121 137
120 138 121 143
120 144 121 149
120 150 121 155
120 156 121 161
120 168 120 179
121 168 121 179
120 180 121 185
120 186 121 191
120 192 121 197
120 198 121 203
120 204 120 215
121 204 121 215
120 216 121 221
120 222 121 227
120 228 121 233
120 234 121 239
120 240 121 245
120 246 121 249
122 6 122 17
123 6 123 17
122 18 123 23
122 24 123 29
122 30 122 41
123 30 123 41
122 42 123 47
122 48 123 53
122 54 123 59
122 60 123 65
122 66 123 71
122 72 123 77
122 78 123 83
122 84 123 89
122 90 123 95
122 96 123 101
122 102 122 113
123 102 123 113
122 114 123 119
122 120 123 125
122 126 123 131
122 132 123 137
122 138 123 143
122 144 123 149
122 150 123 155
122 156 123 161
122 162 123 167
122 168 123 173
122 174 123 179
122 186 123 191
122 192 123 197
122 198 123 203
122 204 123 209
122 210 123 215
122 222 122 233
123 222 123 233
122 234 123 239
122 240 123 245
124 0 125 5
124 6 125 11
124 12 125 17
124 24 124 35
125 24 125 35
124 36 124 47
125 36 125 47
124 54 125 59
124 60 125 65
124 78 125 83
124 90 125 95
124 102 125 107
124 108 124 119
125 108 125 119
124 120 124 131
125 120 125 131
124 132 125 137
124 138 125 143
124 144 125 149
124 150 125 155
124 156 125 161
124 162 125 167
124 168 125 173
124 180 124 191
125 180 125 191
124 192 125 197
124 198 125 203
124 204 125 209
124 210 125 215
124 216 125 221
124 222 125 227
124 228 125 233
124 234 125 239
124 240 125 245
126 0 127 5
126 6 127 11
126 12 127 17
126 18 127 23
126 24 127 29
126 30 127 35
126 42 127 47
126 48 127 53
126 54 127 59
126 60 127 65
126 66 127 71
126 72 127 77
126 78 127 83
126 84 127 89
126 96 127 101
126 102 127 107
126 108 127 113
126 114 127 119
126 120 127 125
126 126 127 131
126 132 127 137
126 138 127 143
126 144 127 149
126 150 127 155
126 156 127 161
126 162 127 167
126 168 127 173
126 180 127 185
126 186 127 191
126 192 127 197
126 204 127 209
126 210 127 215
126 216 127 221
126 222 127 227
126 228 127 233
126 234 127 239
126 240 126 249
127 240 127 249
128 0 129 5
128 6 129 11
128 12 129 17
128 18 129 23
128 24 129 29
128 30 129 35
128 36 129 41
128 48 129 53
128 54 129 59
128 60 129 65
128 66 129 71
128 72 129 77
128 84 129 89
128 90 129 95
128 96 129 101
128 102 129 107
128 108 129 113
128 114 129 119
128 120 129 125
128 126 129 131
128 132 128 143
128 144 129 149
128 150 129 155
128 156 128 167
129 156 129 167
128 168 129 173
128 174 129 179
128 180 129 185
128 186 129 191
128 192 129 197
128 198 129 203
128 204 129 209
128 210 129 215
128 216 129 221
128 222 129 227
128 234 129 239
128 240 129 245
130 0 131 5
130 6 131 11
130 24 131 29
130 30 131 35
130 36 131 41
130 42 131 47
130 48 131 53
130 54 131 59
130 60 131 65
130 66 131 71
130 78 131 83
130 84 131 89
130 90 131 95
130 96 131 101
130 102 131 107
130 108 131 113
130 120 131 125
130 132 131 137
130 138 131 143
130 144 131 149
130 150 131 155
130 156 131 161
130 162 131 167
130 168 131 173
130 174 131 179
130 180 131 185
130 186 131 191
130 192 131 197
130 198 131 203
130 204 131 209
130 210 130 221
131 210 131 221
130 222 131 227
130 228 131 233
130 234 131 239
130 240 131 245
130 246 131 249
132 0 133 5
132 6 133 11
132 12 133 17
132 24 133 29
132 30 133 35
132 36 132 47
133 36 133 47
132 48 133 53
132 54 133 59
132 60 133 65
132 66 133 71
132 72 133 77
132 84 133 89
132 90 133 95
132 102 133 107
132 108 133 113
132 120 133 125
132 126 133 131
132 132 132 143
133 132 133 143
132 144 133 149
132 150 133 155
132 156 133 161
132 162 133 167
132 174 133 179
132 180 133 185
132 186 133 191
132 192 133 197
132 198 133 203
132 204 133 209
132 210 133 215
132 216 132 227
133 216 133 227
132 228 133 233
132 240 133 245
132 246 133 249
134 0 135 5
134 6 135 11
134 12 134 23
135 12 135 23
134 24 135 29
134 30 135 35
134 42 135 47
134 48 135 53
134 54 135 59
134 60 135 65
134 66 135 71
134 72 135 77
134 78 135 83
134 84 135 89
134 90 135 95
134 96 135 101
134 102 135 107
134 108 134 119
135 108 135 119
134 120 135 125
134 126 135 131
134 132 135 137
134 138 135 143
134 144 135 149
134 150 135 155
134 156 134 167
135 156 135 167
134 174 135 179
134 180 135 185
134 192 134 203
135 192 135 203
134 204 135 209
134 210 135 215
134 216 135 221
134 222 135 227
134 228 135 233
134 234 135 239
135 240 135 249
136 0 136 11
137 0 137 11
137 12 137 23
136 24 137 29
136 30 137 35
136 36 137 41
136 42 137 47
136 48 137 53
136 54 137 59
136 60 136 71
137 60 137 71
136 72 137 77
136 78 137 83
136 84 137 89
136 96 137 101
136 102 137 107
136 114 137 119
136 120 137 125
136 132 137 137
136 138 137 143
136 144 137 149
136 150 137 155
136 156 137 161
136 162 137 167
136 168 137 173
136 174 137 179
136 180 136 191
137 180 137 191
136 192 137 197
136 198 137 203
136 204 136 215
137 204 137 215
136 216 137 221
136 222 137 227
136 228 137 233
136 234 137 239
136 240 137 245
138 0 139 5
138 6 139 11
138 12 139 17
138 18 139 23
138 24 139 29
138 36 139 41
138 42 139 47
138 48 139 53
138 54 139 59
138 60 139 65
138 66 139 71
138 78 139 83
138 84 139 89
138 102 139 107
138 108 139 113
138 114 139 119
138 120 139 125
138 126 139 131
138 132 139 137
138 138 139 143
139 144 139 155
138 156 139 161
138 162 139 167
138 168 139 173
138 174 139 179
138 180 139 185
138 186 139 191
138 198 139 203
138 204 139 209
138 210 139 215
138 216 139 221
138 228 139 233
138 234 139 239
138 240 139 245
140 0 141 5
140 6 141 11
140 12 141 17
140 18 141 23
140 24 141 29
140 30 141 35
140 36 141 41
140 42 141 47
140 54 141 59
140 60 141 65
140 66 141 71
140 72 140 83
141 72 141 83
140 84 141 89
140 90 141 95
140 96 141 101
140 102 141 107
140 108 141 113
140 114 141 119
140 120 141 125
140 126 141 131
140 132 141 137
140 138 141 143
140 144 140 155
141 144 141 155
140 156 141 161
140 162 141 167
140 168 140 179
141 168 141 179
140 180 141 185
140 186 141 191
140 192 141 197
140 198 141 203
140 204 141 209
140 210 141 215
140 216 140 227
141 216 141 227
140 228 141 233
140 234 141 239
140 240 141 245
140 246 141 249
142 0 143 5
142 6 143 11
142 12 143 17
142 18 143 23
142 24 143 29
142 30 143 35
142 36 143 41
142 42 143 47
142 48 143 53
142 54 143 59
142 60 143 65
142 66 143 71
142 72 143 77
142 78 143 83
142 84 143 89
142 90 143 95
142 96 142 107
143 96 143 107
142 108 143 113
142 114 143 119
142 120 143 125
142 126 143 131
142 132 143 137
142 138 143 143
142 144 143 149
142 150 143 155
142 156 143 161
142 162 143 167
142 168 143 173
142 174 143 179
142 186 143 191
142 192 143 197
142 198 143 203
142 204 142 215
143 204 143 215
142 216 142 227
143 216 143 227
142 234 143 239
142 240 142 249
143 240 143 249
144 0 145 5
144 6 145 11
144 12 145 17
144 18 145 23
144 24 145 29
144 30 145 35
144 36 145 41
144 42 145 47
144 48 145 53
144 54 145 59
144 60 144 71
145 60 145 71
144 72 145 77
144 78 145 83
144 84 145 89
144 96 145 101
144 102 145 107
144 108 144 119
145 108 145 119
144 120 145 125
144 132 145 137
144 138 145 143
144 144 145 149
144 150 145 155
144 156 145 161
144 174 145 179
144 180 145 185
144 186 145 191
144 192 145 197
144 198 145 203
144 204 145 209
144 210 145 215
144 216 144 227
145 216 145 227
144 228 145 233
144 234 145 239
144 240 145 245
144 246 145 249
146 0 147 5
146 6 147 11
146 12 147 17
146 18 147 23
146 24 147 29
146 30 147 35
146 36 147 41
146 42 147 47
146 48 147 53
146 54 147 59
146 60 147 65
146 66 147 71
146 72 146 83
147 72 147 83
146 84 146 95
147 84 147 95
146 96 147 101
146 102 147 107
146 108 147 113
146 114 147 119
146 120 147 125
146 126 147 131
146 132 147 137
146 138 147 143
146 144 147 149
146 150 147 155
146 156 146 167
147 156 147 167
146 168 147 173
146 174 147 179
146 180 147 185
146 186 147 191
146 192 147 197
146 198 147 203
146 204 147 209
146 210 147 215
146 222 147 227
146 228 147 233
146 234 147 239
146 240 147 245
148 0 149 5
148 6 149 11
148 12 149 17
148 18 149 23
148 24 149 29
148 30 149 35
148 42 149 47
148 48 149 53
148 54 149 59
148 60 149 65
148 66 149 71
148 78 149 83
148 90 149 95
148 96 149 101
148 102 149 107
148 108 149 113
148 114 149 119
148 120 149 125
148 126 149 131
148 132 149 137
148 144 149 149
148 150 149 155
148 156 149 161
148 162 149 167
148 168 149 173
148 174 149 179
148 180 149 185
148 186 149 191
148 192 149 197
148 198 149 203
148 204 149 209
148 210 149 215
148 216 148 227
149 216 149 227
148 228 149 233
148 234 149 239
148 240 148 249
149 240 149 249
150 0 151 5
150 6 151 11
150 12 151 17
150 18 151 23
150 24 151 29
150 30 151 35
150 36 151 41
150 42 151 47
150 48 151 53
150 54 151 59
150 60 151 65
150 66 151 71
150 72 151 77
150 78 151 83
150 84 151 89
150 90 151 95
150 96 151 101
150 102 151 107
150 108 151 113
150 114 151 119
150 120 151 125
150 126 151 131
150 132 151 137
150 138 151 143
150 150 151 155
150 156 151 161
150 168 151 173
150 180 151 185
150 192 151 197
150 198 151 203
150 204 151 209
150 210 151 215
150 216 151 221
150 222 151 227
150 228 151 233
150 234 151 239
150 240 151 245
152 0 152 11
153 0 153 11
152 12 153 17
152 18 153 23
152 24 152 35
153 24 153 35
152 36 153 41
152 48 153 53
152 54 153 59
152 60 152 71
153 60 153 71
152 72 153 77
152 78 153 83
152 84 153 89
152 90 153 95
152 96 153 101
152 102 153 107
152 108 153 113
152 114 153 119
152 120 153 125
152 126 153 131
152 132 153 137
152 138 153 143
152 144 152 155
153 144 153 155
152 162 153 167
152 168 153 173
152 174 153 179
152 180 153 185
152 186 153 191
152 192 153 197
152 198 153 203
152 204 152 215
153 204 153 215
152 216 153 221
152 222 153 227
152 234 153 239
152 240 152 249
153 240 153 249
154 6 155 11
154 12 155 17
154 30 155 35
154 36 154 47
155 36 155 47
154 48 155 53
154 54 155 59
154 60 155 65
154 66 155 71
154 72 155 77
154 78 155 83
154 84 155 89
154 90 155 95
154 96 155 101
154 102 155 107
154 108 155 113
154 114 155 119
154 120 155 125
154 126 155 131
154 132 155 137
154 138 155 143
154 144 155 149
154 150 155 155
154 156 155 161
154 162 155 167
154 168 155 173
154 174 155 179
154 180 155 185
154 186 155 191
154 192 155 197
154 198 155 203
154 204 155 209
154 210 155 215
154 216 155 221
154 222 155 227
154 228 155 233
154 240 155 245
154 246 155 249
156 6 157 11
156 12 157 17
156 18 157 23
156 24 157 29
156 30 157 35
156 36 157 41
156 42 157 47
156 48 157 53
156 54 157 59
156 60 157 65
156 66 157 71
156 78 157 83
156 84 157 89
156 96 157 101
156 102 157 107
156 108 157 113
156 114 157 119
156 120 157 125
156 126 157 131
156 132 156 143
157 132 157 143
156 144 157 149
156 150 157 155
156 156 157 161
156 162 157 167
156 168 157 173
156 174 157 179
156 180 157 185
156 186 157 191
156 192 157 197
156 198 157 203
156 204 157 209
156 210 157 215
156 216 157 221
156 222 157 227
156 228 157 233
156 240 156 249
157 240 157 249
158 0 159 5
158 12 159 17
158 18 159 23
158 24 158 35
159 24 159 35
158 36 159 41
158 42 159 47
158 48 159 53
158 54 159 59
158 66 159 71
158 72 159 77
158 78 159 83
158 84 159 89
158 90 159 95
158 96 159 101
158 102 159 107
158 108 159 113
158 114 159 119
158 120 158 131
159 120 159 131
158 132 159 137
158 138 159 143
158 144 159 149
158 150 159 155
158 156 159 161
158 162 159 167
158 168 159 173
158 174 159 179
158 180 159 185
158 186 159 191
158 192 159 197
158 198 159 203
158 204 159 209
158 210 159 215
158 216 159 221
158 234 159 239
158 240 158 249
159 240 159 249
160 0 161 5
160 6 161 11
160 12 161 17
160 18 161 23
160 24 161 29
160 30 161 35
160 36 161 41
160 42 161 47
160 48 160 59
161 48 161 59
160 60 160 71
161 60 161 71
160 72 161 77
160 84 161 89
160 90 161 95
160 96 161 101
160 102 161 107
160 108 161 113
160 114 161 119
160 120 161 125
160 126 161 131
160 132 161 137
160 138 161 143
160 144 161 149
160 150 161 155
160 162 161 167
160 168 161 173
160 174 161 179
160 180 161 185
160 186 161 191
160 192 161 197
160 198 161 203
160 204 161 209
160 210 161 215
160 216 161 221
160 222 161 227
160 228 161 233
160 234 161 239
160 240 161 245
162 0 162 11
163 0 163 11
162 12 162 23
163 12 163 23
162 24 163 29
162 30 163 35
162 36 162 47
163 36 163 47
162 48 163 53
162 54 163 59
162 66 163 71
162 72 163 77
162 78 163 83
162 84 162 95
163 84 163 95
162 96 163 101
162 102 163 107
162 108 162 119
163 108 163 119
162 120 163 125
162 126 163 131
162 132 163 137
162 138 163 143
162 144 163 149
162 150 163 155
162 156 163 161
162 162 163 167
162 174 162 185
163 174 163 185
162 186 163 191
162 192 163 197
162 198 163 203
162 204 163 209
162 210 163 215
162 216 163 221
162 222 163 227
162 228 163 233
162 234 163 239
162 240 163 245
164 0 165 5
164 12 165 17
164 18 165 23
164 24 165 29
164 30 165 35
164 36 165 41
164 42 165 47
164 48 165 53
164 54 165 59
164 66 165 71
164 72 165 77
164 78 165 83
164 84 165 89
164 90 165 95
164 96 165 101
164 102 165 107
164 108 164 119
165 108 165 119
164 120 165 125
164 126 165 131
164 132 165 137
164 138 165 143
164 144 165 149
164 150 165 155
164 156 165 161
164 162 165 167
164 168 165 173
164 174 165 179
164 180 165 185
164 186 165 191
164 192 165 197
164 198 165 203
164 204 165 209
164 210 165 215
164 216 165 221
164 222 165 227
164 228 165 233
164 234 165 239
164 240 165 245
166 0 167 5
166 6 167 11
166 12 167 17
166 18 167 23
166 24 167 29
166 30 167 35
166 36 167 41
166 48 167 53
166 54 167 59
166 60 167 65
166 66 167 71
166 72 167 77
166 84 167 89
166 90 167 95
166 96 167 101
166 102 167 107
166 108 167 113
166 114 167 119
166 126 167 131
166 138 167 143
166 144 167 149
166 150 167 155
166 156 167 161
166 162 167 167
166 168 167 173
166 174 167 179
166 180 166 191
167 180 167 191
166 192 167 197
166 198 167 203
166 204 167 209
166 210 167 215
166 216 167 221
166 222 167 227
166 228 167 233
166 240 167 245
166 246 167 249
168 0 169 5
168 6 169 11
168 12 168 23
169 12 169 23
168 24 169 29
168 30 169 35
168 36 169 41
168 42 169 47
168 48 169 53
168 54 169 59
168 60 169 65
168 66 169 71
168 72 169 77
168 78 169 83
168 90 169 95
168 96 169 101
168 102 169 107
168 108 169 113
168 114 169 119
168 126 169 131
168 138 169 143
168 150 169 155
168 156 169 161
168 162 169 167
168 168 168 179
169 168 169 179
168 180 168 191
169 180 169 191
168 192 168 203
169 192 169 203
168 204 169 209
168 210 169 215
168 216 169 221
168 222 169 227
168 228 169 233
168 234 169 239
168 240 169 245
168 246 169 249
170 0 170 11
171 0 171 11
170 12 171 17
170 18 171 23
170 24 171 29
170 30 171 35
170 36 171 41
170 42 171 47
170 48 171 53
170 54 171 59
170 60 170 71
171 60 171 71
170 72 171 77
170 78 171 83
170 84 171 89
170 90 171 95
170 96 170 107
171 96 171 107
170 108 171 113
170 114 171 119
170 120 171 125
170 126 171 131
170 132 171 137
170 138 171 143
170 144 171 149
170 150 171 155
170 156 171 161
170 162 171 167
170 168 171 173
170 174 171 179
170 180 171 185
170 186 171 191
170 192 171 197
170 198 171 203
170 204 171 209
170 210 171 215
170 216 171 221
170 228 171 233
170 234 171 239
170 240 170 249
171 240 171 249
172 0 173 5
172 6 173 11
172 12 173 17
172 18 173 23
172 24 173 29
172 30 173 35
172 36 173 41
172 42 173 47
172 48 173 53
172 54 173 59
172 60 173 65
172 66 173 71
172 72 173 77
172 78 173 83
172 84 173 89
172 90 173 95
172 102 173 107
172 108 173 113
172 114 173 119
172 120 173 125
172 126 173 131
172 132 173 137
172 138 173 143
172 144 173 149
172 150 173 155
172 156 173 161
172 162 173 167
172 168 173 173
172 174 173 179
172 186 173 191
172 192 173 197
172 204 173 209
172 210 173 215
172 216 173 221
172 228 173 233
172 234 173 239
172 240 173 245
174 0 174 11
175 0 175 11
174 12 175 17
174 18 175 23
174 24 175 29
174 30 175 35
174 36 175 41
174 42 175 47
174 48 174 59
175 48 175 59
174 60 175 65
174 66 175 71
174 72 175 77
174 78 175 83
174 84 175 89
174 96 175 101
174 102 175 107
174 108 175 113
174 114 175 119
174 120 175 125
174 126 175 131
174 132 175 137
174 138 175 143
174 144 175 149
174 150 175 155
174 156 175 161
174 162 175 167
174 168 174 179
175 168 175 179
174 180 174 191
175 180 175 191
174 192 174 203
175 192 175 203
174 204 175 209
174 210 175 215
174 216 175 221
174 222 175 227
174 228 175 233
174 240 175 245
174 246 175 249
176 0 177 5
176 6 177 11
176 12 177 17
176 18 177 23
176 24 177 29
176 30 177 35
176 36 177 41
176 42 177 47
176 48 177 53
176 54 177 59
176 60 177 65
176 66 177 71
176 72 177 77
176 78 177 83
176 84 177 89
176 90 177 95
176 96 177 101
176 102 177 107
176 108 177 113
176 114 177 119
176 120 177 125
176 126 177 131
176 132 177 137
176 138 177 143
176 144 177 149
176 150 177 155
176 156 177 161
176 162 177 167
176 168 176 179
177 168 177 179
176 180 176 191
176 198 177 203
176 204 177 209
176 210 177 215
176 216 177 221
176 222 177 227
176 228 177 233
176 234 177 239
176 240 176 249
177 240 177 249
178 0 179 5
178 6 179 11
178 12 179 17
178 18 179 23
178 24 179 29
178 30 179 35
178 36 179 41
178 42 179 47
178 48 179 53
178 54 179 59
178 60 179 65
178 66 179 71
178 72 179 77
178 78 179 83
178 84 179 89
178 90 179 95
178 96 178 107
179 96 179 107
178 108 179 113
178 114 179 119
178 120 179 125
178 132 179 137
178 138 179 143
178 144 179 149
178 150 179 155
178 156 179 161
178 162 179 167
178 168 179 173
178 174 179 179
178 180 178 191
179 180 179 191
178 192 179 197
178 198 179 203
178 204 179 209
178 210 179 215
178 216 179 221
178 222 179 227
178 228 179 233
178 234 179 239
178 240 178 249
179 240 179 249
180 0 181 5
180 6 181 11
180 12 180 23
181 12 181 23
180 24 181 29
180 30 181 35
180 36 181 41
180 42 181 47
180 48 180 59
181 48 181 59
180 60 181 65
180 66 181 71
180 72 181 77
180 78 181 83
180 84 181 89
180 90 181 95
180 96 180 107
181 96 181 107
180 108 180 119
181 108 181 119
180 120 181 125
180 126 181 131
180 132 181 137
180 138 181 143
180 144 180 155
181 144 181 155
180 156 181 161
180 162 181 167
180 174 181 179
180 180 181 185
180 186 181 191
180 204 181 209
180 210 181 215
180 216 181 221
180 222 181 227
180 228 181 233
180 234 181 239
180 240 181 245
180 246 181 249
182 0 183 5
182 6 183 11
182 12 183 17
182 18 183 23
182 24 183 29
182 30 183 35
182 36 182 47
183 36 183 47
183 48 183 59
182 60 182 71
183 60 183 71
182 72 183 77
182 78 183 83
182 84 183 89
182 90 183 95
182 96 183 101
182 102 183 107
182 108 183 113
182 114 183 119
182 120 183 125
182 132 183 137
182 138 183 143
182 144 183 149
182 150 183 155
182 156 183 161
182 162 183 167
182 168 183 173
182 180 182 191
183 180 183 191
182 192 183 197
182 198 183 203
182 204 182 215
183 204 183 215
182 216 183 221
182 222 183 227
182 234 183 239
182 240 182 249
183 240 183 249
184 0 185 5
184 12 184 23
185 12 185 23
184 24 185 29
184 30 185 35
184 36 185 41
184 42 185 47
184 48 185 53
184 54 185 59
184 60 185 65
184 66 185 71
184 72 185 77
184 78 185 83
184 84 184 95
185 84 185 95
184 96 185 101
184 102 185 107
184 108 185 113
184 114 185 119
184 120 185 125
184 126 185 131
184 138 185 143
184 144 185 149
184 150 185 155
184 156 185 161
184 162 185 167
184 168 185 173
184 174 185 179
184 180 185 185
184 186 185 191
184 192 185 197
184 198 185 203
184 204 185 209
184 210 185 215
184 216 184 227
185 216 185 227
184 228 184 239
185 228 185 239
184 240 185 245
184 246 185 249
186 0 187 5
186 6 187 11
186 12 187 17
186 18 187 23
186 24 187 29
186 30 187 35
186 36 187 41
186 42 187 47
186 48 186 59
187 48 187 59
186 60 187 65
186 66 187 71
186 72 187 77
186 78 187 83
186 84 187 89
186 90 187 95
186 96 187 101
186 102 187 107
186 108 187 113
186 114 187 119
186 120 187 125
186 126 187 131
186 132 187 137
186 138 187 143
186 144 187 149
186 150 187 155
186 156 187 161
186 162 187 167
186 168 186 179
187 168 187 179
186 180 187 185
186 186 187 191
186 192 187 197
186 198 187 203
186 204 186 215
187 204 187 215
186 216 187 221
186 228 187 233
186 234 187 239
186 240 186 249
187 240 187 249
188 0 189 5
188 6 189 11
188 12 188 23
189 12 189 23
188 24 189 29
188 30 189 35
188 36 189 41
188 42 189 47
188 48 189 53
188 54 189 59
188 60 189 65
188 66 189 71
188 72 189 77
188 78 189 83
188 84 189 89
188 90 189 95
188 96 189 101
188 102 189 107
188 108 189 113
188 114 189 119
188 120 189 125
188 126 189 131
188 132 189 137
188 138 189 143
188 144 189 149
188 150 189 155
188 156 188 167
189 156 189 167
188 168 189 173
188 174 189 179
188 180 189 185
188 186 189 191
188 192 189 197
188 204 189 209
188 216 189 221
188 222 189 227
188 228 189 233
188 234 189 239
188 240 188 249
189 240 189 249
190 0 191 5
190 6 191 11
190 12 191 17
190 18 191 23
190 24 191 29
190 30 191 35
190 36 191 41
190 42 191 47
190 48 191 53
190 54 191 59
190 60 191 65
190 66 191 71
190 72 191 77
190 78 191 83
190 84 190 95
191 84 191 95
190 96 191 101
190 102 191 107
190 114 191 119
190 120 191 125
190 132 191 137
190 138 191 143
190 144 191 149
190 150 191 155
190 162 191 167
190 168 191 173
190 174 191 179
190 180 191 185
190 186 191 191
190 192 191 197
190 198 191 203
190 204 191 209
190 210 191 215
190 216 191 221
190 222 191 227
190 228 191 233
190 240 191 245
190 246 191 249
192 0 193 5
192 6 193 11
192 12 193 17
192 18 193 23
192 24 192 35
193 24 193 35
192 36 193 41
192 42 193 47
192 48 193 53
192 54 193 59
192 60 193 65
192 66 193 71
192 72 193 77
192 78 193 83
192 84 193 89
192 90 193 95
192 96 193 101
192 102 193 107
192 108 193 113
192 114 193 119
192 120 193 125
192 126 193 131
192 132 193 137
192 138 193 143
192 144 193 149
192 150 193 155
192 156 193 161
192 162 193 167
192 168 193 173
192 174 193 179
192 186 193 191
192 192 193 197
192 198 193 203
192 204 192 215
193 204 193 215
192 216 193 221
192 222 193 227
192 228 193 233
192 234 193 239
192 240 193 245
194 0 195 5
194 6 195 11
194 12 195 17
194 18 195 23
194 24 195 29
194 30 195 35
194 36 195 41
194 42 195 47
194 48 195 53
194 54 195 59
194 60 195 65
194 66 195 71
194 72 195 77
194 78 195 83
194 84 195 89
194 90 195 95
194 96 194 107
195 96 195 107
194 108 195 113
194 114 195 119
194 126 195 131
194 138 195 143
194 144 195 149
194 150 195 155
194 156 195 161
194 162 195 167
194 168 195 173
194 174 195 179
194 180 195 185
194 186 195 191
194 192 195 197
194 198 195 203
194 204 195 209
194 210 195 215
194 216 195 221
194 222 195 227
194 228 195 233
194 234 195 239
194 240 195 245
194 246 195 249
196 0 197 5
196 6 197 11
196 18 197 23
196 24 197 29
196 36 197 41
196 42 197 47
196 48 197 53
196 54 197 59
196 60 196 71
197 60 197 71
196 72 197 77
196 78 197 83
196 90 196 101
197 90 197 101
196 102 197 107
196 108 197 113
196 114 197 119
196 120 197 125
196 126 197 131
196 132 197 137
196 138 197 143
196 144 197 149
196 150 197 155
196 156 197 161
196 162 197 167
196 168 197 173
196 174 197 179
196 186 197 191
196 192 197 197
196 198 196 209
197 198 197 209
196 210 197 215
196 216 197 221
196 222 197 227
196 228 197 233
196 234 197 239
196 240 197 245
198 0 199 5
198 6 199 11
198 12 199 17
198 24 199 29
198 30 199 35
198 36 199 41
198 54 199 59
198 60 199 65
198 66 199 71
198 72 199 77
198 84 199 89
198 90 199 95
198 96 199 101
198 102 199 107
198 108 199 113
198 114 199 119
198 120 199 125
198 126 199 131
198 138 199 143
198 150 199 155
198 156 199 161
198 162 199 167
198 168 198 179
199 168 199 179
198 180 199 185
198 192 199 197
198 198 199 203
198 204 199 209
198 210 199 215
198 216 199 221
198 222 199 227
198 228 198 239
199 228 199 239
198 240 199 245